function M = yaw_Pm_func(theta)
% AUTO-GENERATED by create_CL_functions_from_handlers
% constant matrix. theta input ignored.
M = [
  1.4055555555555554  0.031250000000000007;
  0.031250000000000007  0.073784722222222252
];
end
